0.10023 0.10641
0.11553 0.15875
0.13082 0.21003
0.14611 0.26026
0.16139 0.30945
0.17667 0.3576
0.19193 0.40473
0.20719 0.45085
0.22243 0.49595
0.23767 0.54006
0.25288 0.58317
0.26809 0.6253
0.28327 0.66645
0.29844 0.70663
0.31359 0.74585
0.32872 0.78412
0.34382 0.82145
0.35891 0.85784
0.37397 0.8933
0.389 0.92784
0.40401 0.96147
0.41899 0.99419
0.43394 1.026
0.44886 1.057
0.46375 1.087
0.4786 1.1162
0.49342 1.1445
0.50821 1.172
0.52296 1.1986
0.53767 1.2244
0.55234 1.2494
0.56697 1.2735
0.58155 1.2968
0.5961 1.3193
0.6106 1.341
0.62505 1.3619
0.63946 1.382
0.65381 1.4014
0.66812 1.42
0.68238 1.4378
0.69658 1.4549
0.71073 1.4712
0.72483 1.4868
0.73887 1.5017
0.75285 1.5158
0.76678 1.5293
0.78064 1.542
0.79445 1.554
0.80819 1.5654
0.82186 1.5761
0.83548 1.5861
0.84902 1.5954
0.8625 1.6041
0.87591 1.6121
0.88925 1.6195
0.90252 1.6263
0.91571 1.6325
0.92883 1.638
0.94188 1.6429
0.95485 1.6473
0.96774 1.651
0.98055 1.6542
0.99328 1.6567
1.0059 1.6588
1.0185 1.6602
1.031 1.6611
1.0434 1.6615
1.0557 1.6613
1.0679 1.6606
1.0801 1.6594
1.0921 1.6577
1.104 1.6555
1.1159 1.6528
1.1277 1.6496
1.1393 1.6459
1.1509 1.6417
1.1624 1.6371
1.1738 1.632
1.185 1.6265
1.1962 1.6206
1.2073 1.6142
1.2182 1.6074
1.2291 1.6002
1.2398 1.5926
1.2505 1.5846
1.261 1.5762
1.2714 1.5674
1.2817 1.5582
1.2919 1.5487
1.302 1.5388
1.312 1.5286
1.3218 1.518
1.3316 1.5071
1.3412 1.4959
1.3506 1.4844
1.36 1.4725
1.3693 1.4603
1.3784 1.4479
1.3874 1.4352
1.3962 1.4222
1.405 1.4089
1.4136 1.3954
1.422 1.3816
1.4304 1.3675
1.4386 1.3533
1.4466 1.3388
1.4546 1.3241
1.4624 1.3091
1.47 1.294
1.4775 1.2787
1.4849 1.2631
1.4921 1.2474
1.4992 1.2316
1.5062 1.2155
1.513 1.1994
1.5196 1.183
1.5261 1.1665
1.5325 1.1499
1.5387 1.1332
1.5447 1.1164
1.5506 1.0994
1.5563 1.0823
1.5619 1.0652
1.5673 1.048
1.5726 1.0307
1.5777 1.0133
1.5826 0.99586
1.5874 0.97838
1.592 0.96086
1.5964 0.9433
1.6007 0.92571
1.6048 0.9081
1.6087 0.89048
1.6125 0.87286
1.6161 0.85525
1.6195 0.83765
1.6228 0.82006
1.6258 0.80251
1.6287 0.785
1.6314 0.76753
1.634 0.75011
1.6363 0.73276
1.6385 0.71547
1.6405 0.69826
1.6423 0.68114
1.6439 0.66411
1.6453 0.64719
1.6465 0.63037
1.6476 0.61367
1.6485 0.5971
1.6491 0.58066
1.6496 0.56436
1.6499 0.54821
1.6499 0.53222
1.6498 0.5164
1.6495 0.50075
1.649 0.48528
1.6483 0.47
1.6473 0.45492
1.6462 0.44005
1.6449 0.42539
1.6433 0.41096
1.6416 0.39675
1.6396 0.38278
1.6375 0.36906
1.6351 0.35559
1.6325 0.34239
1.6297 0.32946
1.6266 0.3168
1.6234 0.30444
1.62 0.29236
1.6163 0.28059
1.6124 0.26913
1.6083 0.25799
1.6039 0.24718
1.5993 0.2367
1.5945 0.22656
1.5895 0.21678
1.5843 0.20735
1.5788 0.1983
1.5731 0.18961
1.5671 0.18131
1.561 0.1734
1.5546 0.1659
1.5479 0.15879
1.541 0.15211
1.5339 0.14585
1.5265 0.14001
1.5189 0.13462
1.5111 0.12968
1.503 0.12519
1.4947 0.12117
1.4861 0.11761
1.4773 0.11454
1.4682 0.11196
1.4588 0.10987
1.4493 0.10828
1.4394 0.10721
1.4293 0.10666
1.419 0.10663
1.4084 0.10714
1.3976 0.1082
1.3865 0.10978
1.3751 0.1119
1.3635 0.11453
1.3517 0.11767
1.3396 0.12131
1.3274 0.12544
1.3149 0.13005
1.3022 0.13514
1.2893 0.14069
1.2762 0.1467
1.263 0.15315
1.2495 0.16004
1.2359 0.16735
1.2221 0.17509
1.2081 0.18324
1.194 0.19179
1.1797 0.20073
1.1653 0.21006
1.1507 0.21976
1.1361 0.22983
1.1212 0.24025
1.1063 0.25103
1.0913 0.26214
1.0761 0.27359
1.0609 0.28535
1.0455 0.29743
1.0301 0.30981
1.0146 0.32249
0.99902 0.33546
0.98336 0.3487
0.96765 0.36221
0.95188 0.37598
0.93606 0.39
0.92019 0.40426
0.90429 0.41875
0.88836 0.43347
0.8724 0.4484
0.85643 0.46354
0.84044 0.47888
0.82445 0.49441
0.80846 0.51011
0.79248 0.52598
0.77651 0.54202
0.76056 0.55821
0.74464 0.57454
0.72874 0.59101
0.71289 0.6076
0.69708 0.62432
0.68133 0.64114
0.66563 0.65805
0.65 0.67506
0.63443 0.69215
0.61895 0.70932
0.60354 0.72654
0.58823 0.74383
0.57301 0.76115
0.55789 0.77852
0.54288 0.79591
0.52799 0.81332
0.51321 0.83075
0.49857 0.84817
0.48405 0.86559
0.46968 0.88299
0.45545 0.90036
0.44137 0.9177
0.42746 0.935
0.41371 0.95225
0.40013 0.96943
0.38672 0.98655
0.3735 1.0036
0.36047 1.0205
0.34764 1.0374
0.33501 1.0541
0.32259 1.0708
0.31039 1.0873
0.2984 1.1037
0.28665 1.1199
0.27513 1.136
0.26385 1.1519
0.25281 1.1677
0.24203 1.1833
0.23151 1.1987
0.22126 1.2139
0.21128 1.2289
0.20157 1.2437
0.19216 1.2582
0.18303 1.2726
0.1742 1.2867
0.16567 1.3005
0.15746 1.3141
0.14956 1.3274
0.14198 1.3405
0.13473 1.3533
0.12782 1.3658
0.12125 1.3779
0.11502 1.3898
0.10915 1.4014
0.10364 1.4126
0.098502 1.4235
0.093732 1.434
0.08933 1.4442
0.085293 1.4541
0.081616 1.4636
0.078295 1.4728
0.075325 1.4816
0.072702 1.4902
0.070422 1.4984
0.068479 1.5062
0.066871 1.5138
0.065592 1.521
0.064639 1.5279
0.064006 1.5345
0.06369 1.5408
0.063686 1.5468
0.063989 1.5525
0.064596 1.5579
0.065502 1.5629
0.066702 1.5677
0.068193 1.5722
0.069969 1.5764
0.072027 1.5803
0.074362 1.5839
0.07697 1.5872
0.079847 1.5902
0.082987 1.593
0.086387 1.5955
0.090043 1.5977
0.093949 1.5996
0.098103 1.6013
0.1025 1.6027
0.10713 1.6038
0.112 1.6047
0.11709 1.6053
0.12241 1.6056
0.12796 1.6057
0.13371 1.6056
0.13968 1.6052
0.14586 1.6046
0.15224 1.6037
0.15881 1.6025
0.16559 1.6012
0.17255 1.5996
0.1797 1.5978
0.18702 1.5957
0.19453 1.5934
0.20221 1.5909
0.21005 1.5882
0.21806 1.5852
0.22623 1.582
0.23456 1.5786
0.24303 1.575
0.25165 1.5712
0.26041 1.5672
0.26931 1.563
0.27835 1.5586
0.28751 1.554
0.29679 1.5491
0.3062 1.5441
0.31572 1.5389
0.32535 1.5336
0.3351 1.528
0.34494 1.5222
0.35488 1.5163
0.36491 1.5102
0.37504 1.5039
0.38525 1.4974
0.39554 1.4908
0.40591 1.484
0.41634 1.4771
0.42685 1.4699
0.43742 1.4627
0.44805 1.4552
0.45873 1.4476
0.46947 1.4399
0.48024 1.432
0.49107 1.424
0.50192 1.4158
0.51281 1.4075
0.52373 1.399
0.53468 1.3904
0.54564 1.3817
0.55662 1.3728
0.56761 1.3638
0.5786 1.3547
0.5896 1.3455
0.6006 1.3361
0.61159 1.3267
0.62256 1.3171
0.63353 1.3074
0.64447 1.2976
0.65539 1.2876
0.66628 1.2776
0.67714 1.2675
0.68796 1.2573
0.69874 1.247
0.70948 1.2366
0.72016 1.2261
0.73079 1.2155
0.74136 1.2048
0.75187 1.1941
0.76231 1.1832
0.77267 1.1723
0.78297 1.1613
0.79318 1.1503
0.8033 1.1391
0.81334 1.1279
0.82328 1.1167
0.83313 1.1053
0.84287 1.0939
0.8525 1.0825
0.86203 1.071
0.87143 1.0595
0.88072 1.0479
0.88989 1.0362
0.89892 1.0245
0.90782 1.0128
0.91659 1.001
0.92521 0.98923
0.93369 0.97739
0.94201 0.96552
0.95018 0.95363
0.95819 0.94171
0.96604 0.92977
0.97372 0.9178
0.98123 0.90582
0.98856 0.89383
0.99571 0.88182
1.0027 0.8698
1.0095 0.85778
1.016 0.84575
1.0224 0.83372
1.0286 0.82169
1.0346 0.80966
1.0403 0.79765
1.0459 0.78563
1.0512 0.77363
1.0563 0.76165
1.0612 0.74968
1.0658 0.73773
1.0702 0.7258
1.0744 0.7139
1.0783 0.70202
1.0819 0.69018
1.0853 0.67836
1.0885 0.66658
1.0914 0.65484
1.094 0.64314
1.0963 0.63148
1.0984 0.61987
1.1001 0.60831
1.1016 0.59679
1.1028 0.58533
1.1038 0.57393
1.1044 0.56258
1.1047 0.5513
1.1047 0.54008
1.1044 0.52892
1.1037 0.51784
1.1028 0.50682
1.1015 0.49588
1.0999 0.48502
1.098 0.47424
1.0957 0.46354
1.0931 0.45292
1.0901 0.4424
1.0868 0.43196
1.0831 0.42161
1.0791 0.41136
1.0747 0.40121
1.0699 0.39116
1.0648 0.38121
1.0593 0.37137
1.0534 0.36164
1.0471 0.35202
1.0404 0.34251
1.0334 0.33312
1.0259 0.32384
1.018 0.31469
1.0097 0.30566
1.001 0.29676
0.99193 0.28799
0.9824 0.27935
0.97245 0.27085
0.96206 0.26248
0.95124 0.25426
0.93998 0.24617
0.92828 0.23823
0.91613 0.23044
0.90353 0.2228
0.89048 0.21531
0.87696 0.20798
0.86298 0.20081
0.84853 0.1938
0.8336 0.18695
0.8182 0.18026
0.80232 0.17375
0.78595 0.16741
0.76908 0.16124
0.75173 0.15525
